Pick-Place

Pick-wrong object: 0, 101, 107, 111, 112, 113, 114, 120, 121, 122, 123, 125, 126, 13, 135, 142, 143, 147, 150, 152, 18, 21, 154, 156, 2, 23, 24, 34, 37, 38, 41, 44, 50, 54, 59, 6, 60, 62, 95, 97, 91, 8, 84, 81, 78, 71, 73, 74, 7, 76, 77, 67

Wrong bin: 109, 133, 14, 149, 45, 5, 

Wrong obj-wrong bin: 140, 29,  93, 

fail to pick: 1, 35, 65, 

fail to reach: 28, 48, 


Nut-Assembly:

Pick-wrong object: 2, 5, 7, 11, 12, 13, 14,  16, 18, 21, 22, 26, 27, 28, 30, 31, 32, 35, 37, 38, 39, 44, 45, 47, 48, 51, 52, 53, 55, 57, 58, 59, 62, 70, 71, 74, 76, 77, 78, 81, 84, 85, 86, 87, 90

Collision with peg: 9, 

Fail-to-pick wrong obj: 0, 34, 69, 75, 88,  

Fail-to-pick correct object: 61, 65, 68, 72, 

Fail to reach the bin: 6, 